up
32 8
down
32 8
31 9
31 10
30 11
30 13
29 14
29 23
28 24
17 24
14 27
14 32
15 33
16 33
17 34
20 34
21 33
25 33
26 32
28 32
29 33
29 36
28 37
28 38
25 41
24 41
23 42
22 42
21 43
20 43
19 44
15 44
14 45
11 45
10 46
9 46
8 47
8 48
7 49
7 52
8 53
8 54
10 56
11 56
12 57
13 56
15 56
17 54
18 54
23 49
24 49
28 45
29 45
31 47
30 48
31 49
31 71
32 72
32 75
33 76
33 77
33 75
34 74
34 71
35 70
35 64
36 63
36 55
37 54
37 46
38 45
43 45
44 44
43 43
43 42
40 39
40 38
38 36
38 35
37 34
37 32
38 31
40 31
41 30
43 30
45 28
45 27
46 26
45 25
45 24
43 24
42 23
39 23
38 22
38 9
37 9
36 8
32 8
up
66 7
down
66 7
63 10
63 12
62 13
62 21
61 22
58 22
57 23
53 23
52 24
51 24
48 27
48 29
50 29
51 30
57 30
58 29
61 29
62 30
62 31
61 32
61 33
56 38
55 38
53 40
52 40
50 42
49 42
44 47
48 51
53 51
54 50
56 50
58 48
59 48
61 46
62 46
63 47
63 52
64 53
63 54
63 64
64 65
64 70
65 71
65 72
66 73
66 74
67 74
68 73
68 72
69 71
69 70
70 69
70 48
71 47
72 48
72 49
76 53
76 54
79 57
79 58
80 59
80 60
82 62
82 63
83 64
84 64
85 65
93 65
94 64
95 64
96 63
97 63
100 60
100 59
101 58
101 56
100 56
99 55
98 55
97 54
96 54
95 53
94 53
92 51
91 51
88 48
87 48
75 36
75 35
73 33
73 32
72 31
73 30
83 30
84 29
86 29
88 27
88 25
89 24
88 23
75 23
74 22
73 22
72 21
72 19
73 18
73 12
72 11
72 10
70 8
69 8
68 7
66 7
up
139 28
down
139 28
138 29
136 29
135 30
133 30
132 31
131 31
130 32
128 32
127 33
126 33
125 34
122 34
121 35
119 35
118 36
115 36
114 37
113 37
110 40
110 42
111 42
112 43
113 43
114 44
116 44
117 45
120 45
121 44
124 44
125 43
126 43
127 42
128 42
131 39
132 39
142 29
141 28
139 28
up
147 5
down
147 5
144 8
144 9
143 10
143 13
142 14
134 14
133 15
129 15
128 16
127 16
126 17
125 17
124 18
124 19
123 20
123 23
124 23
125 24
131 24
132 23
143 23
144 24
144 26
145 27
144 28
144 30
145 31
145 42
144 43
145 44
144 45
144 46
143 47
140 47
139 48
136 45
133 45
130 48
130 49
129 50
129 54
130 55
130 57
131 58
131 61
132 62
132 67
131 68
131 70
130 71
130 75
131 76
133 76
134 75
135 75
136 74
137 74
138 73
140 73
141 72
143 72
144 71
157 71
158 72
162 72
163 73
165 73
166 74
168 74
169 73
170 73
171 72
171 71
172 70
172 67
171 66
171 58
172 57
172 55
173 54
173 48
172 47
155 47
154 46
153 46
152 45
152 33
153 32
153 23
154 22
167 22
168 21
170 21
172 19
172 17
173 16
173 15
171 15
170 14
157 14
156 13
155 13
154 12
154 11
153 10
153 8
152 7
152 6
151 6
150 5
147 5
up
146 55
down
146 55
147 54
157 54
158 55
161 55
162 56
162 62
160 64
141 64
140 65
139 65
138 64
138 61
139 60
139 57
140 56
141 56
142 55
146 55
up
158 28
down
158 28
156 30
157 31
158 31
161 34
162 34
164 36
165 36
166 37
167 37
169 39
170 39
173 42
174 42
179 47
180 47
181 48
185 48
190 43
190 42
191 41
191 40
192 39
192 38
191 38
190 37
187 37
186 36
183 36
182 35
180 35
179 34
177 34
176 33
174 33
173 32
171 32
170 31
169 31
168 30
167 30
166 29
164 29
163 28
158 28
up
232 10
down
232 10
231 11
228 11
227 12
226 12
224 14
224 18
225 19
235 19
236 18
246 18
247 19
253 19
254 20
254 21
249 26
248 25
246 25
245 24
241 24
240 25
240 26
241 27
241 28
245 32
245 33
247 35
247 36
246 37
234 37
233 38
225 38
224 39
222 39
221 40
220 40
219 41
218 41
217 42
217 43
218 44
218 45
219 46
220 46
221 47
222 47
223 46
228 46
229 45
233 45
234 44
239 44
240 43
249 43
250 44
250 50
249 51
249 55
248 56
248 58
247 59
247 60
243 64
241 64
240 65
232 65
231 64
220 64
220 65
222 67
223 67
225 69
226 69
227 70
228 70
229 71
230 71
231 72
234 72
235 73
241 73
242 72
245 72
246 71
248 71
249 70
250 70
252 68
253 68
258 63
258 62
259 61
259 60
260 59
260 57
261 56
261 51
262 50
262 46
261 45
261 43
262 42
270 42
271 43
279 43
280 42
281 42
283 40
281 38
280 38
279 37
277 37
276 36
270 36
269 35
267 35
266 36
260 36
256 32
258 30
258 29
262 25
263 25
267 21
268 21
270 19
271 19
271 18
272 17
272 16
273 15
273 14
272 13
272 12
271 12
270 11
265 11
264 12
263 12
262 13
258 13
257 12
252 12
251 11
242 11
241 10
232 10
up
